0 0.4452296819787986 0.375 0.021201413427561835 0.015
0 0.3321554770318021 0.2025 0.021201413427561835 0.015
0 0.08480565371024734 0.5650000000000001 0.021201413427561835 0.015
1 0.8692579505300353 0.375 0.021201413427561835 0.015
1 0.5371024734982333 0.2025 0.021201413427561835 0.015
1 0.3992932862190813 0.5625 0.021201413427561835 0.015
2 0.4487632508833922 0.6775 0.021201413427561835 0.015
2 0.3321554770318021 0.35000000000000003 0.021201413427561835 0.015
2 0.08480565371024734 0.79 0.021201413427561835 0.015
3 0.872791519434629 0.675 0.021201413427561835 0.015
3 0.5406360424028268 0.34750000000000003 0.021201413427561835 0.015
3 0.4028268551236749 0.7875 0.021201413427561835 0.015
