0 0.021834061135371178 0.07588075880758807 0.013100436681222707 0.016260162601626015
0 0.35152838427947597 0.08401084010840108 0.013100436681222707 0.016260162601626015
0 0.6724890829694323 0.0921409214092141 0.013100436681222707 0.016260162601626015
0 0.024017467248908297 0.5365853658536586 0.013100436681222707 0.016260162601626015
0 0.35152838427947597 0.5474254742547425 0.013100436681222707 0.016260162601626015
0 0.6724890829694323 0.5474254742547425 0.013100436681222707 0.016260162601626015
1 0.3209606986899563 0.07588075880758807 0.013100436681222707 0.016260162601626015
1 0.6506550218340611 0.08401084010840108 0.013100436681222707 0.016260162601626015
1 0.9716157205240175 0.0921409214092141 0.013100436681222707 0.016260162601626015
1 0.3231441048034934 0.5365853658536586 0.013100436681222707 0.016260162601626015
1 0.648471615720524 0.5474254742547425 0.013100436681222707 0.016260162601626015
1 0.9694323144104803 0.5474254742547425 0.013100436681222707 0.016260162601626015
2 0.021834061135371178 0.45257452574525747 0.013100436681222707 0.016260162601626015
2 0.35152838427947597 0.46612466124661245 0.013100436681222707 0.016260162601626015
2 0.6746724890829694 0.46612466124661245 0.013100436681222707 0.016260162601626015
2 0.024017467248908297 0.9132791327913279 0.013100436681222707 0.016260162601626015
2 0.35152838427947597 0.9214092140921409 0.013100436681222707 0.016260162601626015
2 0.6724890829694323 0.9214092140921409 0.013100436681222707 0.016260162601626015
3 0.3209606986899563 0.45257452574525747 0.013100436681222707 0.016260162601626015
3 0.6506550218340611 0.46612466124661245 0.013100436681222707 0.016260162601626015
3 0.9737991266375545 0.46612466124661245 0.013100436681222707 0.016260162601626015
3 0.3231441048034934 0.9132791327913279 0.013100436681222707 0.016260162601626015
3 0.648471615720524 0.9214092140921409 0.013100436681222707 0.016260162601626015
3 0.9694323144104803 0.9214092140921409 0.013100436681222707 0.016260162601626015
