0 0.06257557436517533 0.21526293287729797 0.016324062877871824 0.011543394613082514
0 0.520253929866989 0.21526293287729797 0.016324062877871824 0.011543394613082514
0 0.06318016928657799 0.5688328345446771 0.016324062877871824 0.011543394613082514
0 0.522067714631197 0.5688328345446771 0.016324062877871824 0.011543394613082514
1 0.4791414752116082 0.21526293287729797 0.016324062877871824 0.011543394613082514
1 0.936819830713422 0.21569046601111586 0.016324062877871824 0.011543394613082514
1 0.4791414752116082 0.5684053014108593 0.016324062877871824 0.011543394613082514
1 0.9374244256348246 0.5688328345446771 0.016324062877871824 0.011543394613082514
2 0.06257557436517533 0.509833262077811 0.016324062877871824 0.011543394613082514
2 0.520253929866989 0.5094057289439932 0.016324062877871824 0.011543394613082514
2 0.06318016928657799 0.8625480974775545 0.016324062877871824 0.011543394613082514
2 0.5208585247883918 0.8621205643437366 0.016324062877871824 0.011543394613082514
3 0.4791414752116082 0.509833262077811 0.016324062877871824 0.011543394613082514
3 0.936819830713422 0.5089781958101752 0.016324062877871824 0.011543394613082514
3 0.4785368802902055 0.8625480974775545 0.016324062877871824 0.011543394613082514
3 0.9374244256348246 0.8621205643437366 0.016324062877871824 0.011543394613082514
