0 0.06257557436517533 0.21569046601111586 0.017533252720677146 0.012398460880718255
0 0.5208585247883918 0.21569046601111586 0.017533252720677146 0.012398460880718255
0 0.06318016928657799 0.5688328345446771 0.017533252720677146 0.012398460880718255
0 0.5208585247883918 0.5684053014108593 0.017533252720677146 0.012398460880718255
1 0.4791414752116082 0.21569046601111586 0.017533252720677146 0.012398460880718255
1 0.9380290205562273 0.21526293287729797 0.017533252720677146 0.012398460880718255
1 0.4791414752116082 0.5684053014108593 0.017533252720677146 0.012398460880718255
1 0.936819830713422 0.5684053014108593 0.017533252720677146 0.012398460880718255
2 0.06318016928657799 0.509833262077811 0.017533252720677146 0.012398460880718255
2 0.5214631197097944 0.5085506626763574 0.017533252720677146 0.012398460880718255
2 0.06318016928657799 0.8625480974775545 0.017533252720677146 0.012398460880718255
2 0.5208585247883918 0.8629756306113723 0.017533252720677146 0.012398460880718255
3 0.4791414752116082 0.5089781958101752 0.017533252720677146 0.012398460880718255
3 0.936819830713422 0.5089781958101752 0.017533252720677146 0.012398460880718255
3 0.4785368802902055 0.8625480974775545 0.017533252720677146 0.012398460880718255
3 0.9374244256348246 0.8616930312099187 0.017533252720677146 0.012398460880718255
