0 0.05896607431340873 0.1515478761699064 0.014539579967689823 0.0064794816414686825
0 0.5662358642972537 0.1515478761699064 0.014539579967689823 0.0064794816414686825
0 0.05896607431340873 0.5 0.014539579967689823 0.0064794816414686825
0 0.5662358642972537 0.5 0.014539579967689823 0.0064794816414686825
0 0.05896607431340873 0.812455003599712 0.014539579967689823 0.0064794816414686825
1 0.4273021001615509 0.1515478761699064 0.014539579967689823 0.0064794816414686825
1 0.9345718901453959 0.1515478761699064 0.014539579967689823 0.0064794816414686825
1 0.4273021001615509 0.5 0.014539579967689823 0.0064794816414686825
1 0.9345718901453959 0.5 0.014539579967689823 0.0064794816414686825
1 0.4273021001615509 0.812455003599712 0.014539579967689823 0.0064794816414686825
2 0.05896607431340873 0.31569474442044637 0.014539579967689823 0.0064794816414686825
2 0.5662358642972537 0.31569474442044637 0.014539579967689823 0.0064794816414686825
2 0.05896607431340873 0.6641468682505399 0.014539579967689823 0.0064794816414686825
2 0.5662358642972537 0.6641468682505399 0.014539579967689823 0.0064794816414686825
2 0.05896607431340873 0.9766018718502519 0.014539579967689823 0.0064794816414686825
3 0.4273021001615509 0.31569474442044637 0.014539579967689823 0.0064794816414686825
3 0.9345718901453959 0.31641468682505397 0.014539579967689823 0.0064794816414686825
3 0.4273021001615509 0.6641468682505399 0.014539579967689823 0.0064794816414686825
3 0.9345718901453959 0.6641468682505399 0.014539579967689823 0.0064794816414686825
3 0.4273021001615509 0.9758819294456443 0.014539579967689823 0.0064794816414686825
